461;416;45;68;68;24
94;69;25;0;0;0
ASes:
714
2267;2064;203;559;556;198
851;662;189;0;0;0
ASes:
3303
198;197;1;49;49;1
50;49;1;0;0;0
ASes:
6122
49;37;12;25;25;25
43;31;12;0;0;0
ASes:
6922
2656;2108;548;893;868;726
1376;1022;354;0;0;0
ASes:
7029
3;2;1;2;2;2
3;2;1;0;0;0
ASes:
8075
134;82;52;24;24;15
60;35;25;0;0;0
ASes:
10310
695;655;40;237;237;70
298;260;38;0;0;0
ASes:
11796
765;759;6;127;127;127
134;129;5;0;0;0
ASes:
12200
4772;3998;774;1019;1013;699
1938;1305;633;0;0;0
ASes:
12989
178;98;80;23;11;22
107;52;55;0;0;0
ASes:
13335
70;59;11;16;16;10
30;19;11;0;0;0
ASes:
13359
335;254;81;170;168;167
242;172;70;0;0;0
ASes:
13768
6;5;1;2;2;1
4;3;1;0;0;0
ASes:
14340
94;72;22;6;6;6
23;12;11;0;0;0
ASes:
14860
83;64;19;64;64;64
83;64;19;0;0;0
ASes:
15133
125;87;38;43;42;33
84;49;35;0;0;0
ASes:
15169
50;49;1;11;11;1
12;11;1;0;0;0
ASes:
16276
23976;12113;11863;13;13;12
2347;1173;1174;0;0;0
ASes:
16509
1609;1342;267;310;310;91
785;526;259;0;0;0
ASes:
19151
6;4;2;2;2;2
6;4;2;0;0;0
ASes:
19551
300;235;65;133;132;132
194;148;46;0;0;0
ASes:
19754
1618;1495;123;455;455;153
590;491;99;0;0;0
ASes:
20115
900;605;295;271;255;268
620;376;244;0;0;0
ASes:
22822
490;481;9;86;86;2
102;93;9;0;0;0
ASes:
23473
30;20;10;2;2;2
3;2;1;0;0;0
ASes:
23486
341229;229963;111266;15865;15343;13665
62626;34793;27833;0;0;0
ASes:
24115
10;10;0;5;5;0
5;5;0;0;0;0
ASes:
27294
2423;2356;67;618;614;142
693;632;61;0;0;0
ASes:
29791
191;191;0;1;1;0
1;1;0;0;0;0
ASes:
31939
11713;10825;888;1785;1764;1543
2609;1993;616;0;0;0
ASes:
32098
3033;2889;144;565;564;74
804;665;139;0;0;0
ASes:
32787
153;131;22;5;5;3
15;9;6;0;0;0
ASes:
32934
332;276;56;95;95;58
172;119;53;0;0;0
ASes:
33132
3;1;2;1;1;1
3;1;2;0;0;0
ASes:
33353
77;43;34;37;37;36
77;43;34;0;0;0
ASes:
36236
198;138;60;40;37;21
78;48;30;0;0;0
ASes:
36351
14;10;4;6;6;5
11;7;4;0;0;0
ASes:
36692
30;30;0;15;15;0
15;15;0;0;0;0
ASes:
36730
12;7;5;4;4;4
12;7;5;0;0;0
ASes:
40581
55;41;14;33;31;26
47;33;14;0;0;0
ASes:
46450
270;254;16;170;170;90
187;171;16;0;0;0
ASes:
46455
723;606;117;274;272;274
443;328;115;0;0;0
ASes:
49544
2;2;0;2;2;0
2;2;0;0;0;0
ASes:
54994
7;4;3;2;2;2
6;3;3;0;0;0
ASes:
57976
64;63;1;58;56;2
57;56;1;0;0;0
ASes:
62642
87;80;7;23;23;3
29;25;4;0;0;0
ASes:
62887
17;15;2;3;2;2
4;2;2;0;0;0
ASes:
62955
4;2;2;1;1;1
4;2;2;0;0;0
ASes:
395662
