1048760;903481;145279;51432;50720;38395
ASes:
15169
32899
22822
10310
12200
32748
2381
20940
16524
23473
36086
13335
6939
62972
1048760;903481;145279;51432;50720;38395
ASes:
15169
32899
22822
10310
12200
32748
2381
20940
16524
23473
36086
13335
6939
62972
1048760;903481;145279;51432;50720;38395
ASes:
15169
32899
22822
10310
12200
32748
2381
20940
16524
23473
36086
13335
6939
62972
1048760;903481;145279;51432;50720;38395
ASes:
15169
32899
22822
10310
12200
32748
2381
20940
16524
23473
36086
13335
6939
62972
1048760;903481;145279;51432;50720;38395
ASes:
15169
32899
22822
10310
12200
32748
2381
20940
16524
23473
36086
13335
6939
62972
