10310;2a00:1288:ef69::;48;0:00:34;1548248148;1548248182;0
10310;2001:4998:efad::;48;0:00:07;1548283204;1548283211;0
10310;209.131.63.0;24;0:14:45;1548365888;1548366773;0
10310;209.131.63.0;24;0:00:02;1548366776;1548366778;0
10310;2804:1bc:f045::;48;0:16:14;1548400173;1548401147;0
10310;2804:1bc:f845::;48;0:00:00;1548400173;1548400173;0
10310;2a00:1288:efc1::;48;22:43:24;1548444756;1548526560;0
10310;2406:6e00:f048::;48;0:16:09;1548490167;1548491136;0
10310;2a00:1288:ef69::;48;2 days, 2:45:53;1548487401;1548670154;0
10310;2406:6e00:f048::;48;0:04:52;1548491484;1548491776;0
10310;2406:6e00:f048::;48;0:08:36;1548492284;1548492800;0
10310;2a00:1288:ef68::;48;0:00:33;1548667829;1548667862;0
10310;2a00:1288:ef68::;48;0:00:34;1548667873;1548667907;0
10310;2a00:1288:ef69::;48;0:00:35;1548671232;1548671267;0
10310;2a00:1288:ef68::;48;0:00:34;1548675232;1548675266;0
