416;308;108;121;121;103
231;150;81;0;0;0
ASes:
3292
445983;433726;12257;50990;50830;19781
64405;54916;9489;0;0;0
ASes:
6461
5311;5311;0;718;718;0
718;718;0;0;0;0
ASes:
7155
162407;134331;28076;28741;28367;16494
48661;36468;12193;0;0;0
ASes:
8714
80;46;34;10;10;8
34;19;15;0;0;0
ASes:
10310
1099;959;140;160;160;119
303;197;106;0;0;0
ASes:
12083
299;180;119;49;49;42
198;103;95;0;0;0
ASes:
15169
66;65;1;50;50;5
51;50;1;0;0;0
ASes:
15547
255;134;121;670;21;658
103;31;72;0;0;0
ASes:
16265
463;265;198;183;162;161
403;220;183;0;0;0
ASes:
22822
423;259;164;14;14;14
31;16;15;0;0;0
ASes:
22925
12;12;0;2;2;0
2;2;0;0;0;0
ASes:
27630
179;105;74;4;4;4
126;63;63;0;0;0
ASes:
46450
1093;1074;19;232;232;52
248;236;12;0;0;0
ASes:
49544
445983;433726;12257;50990;50830;19781
64405;54916;9489;0;0;0
ASes:
6461
