299;253;46;84;80;80
139;98;41;0;0;0
ASes:
703
1933;1912;21;334;333;11
348;337;11;0;0;0
ASes:
714
19;15;4;10;10;10
15;11;4;0;0;0
ASes:
2518
2827;2636;191;76;72;74
268;92;176;0;0;0
ASes:
2907
3;2;1;2;2;1
3;2;1;0;0;0
ASes:
3300
831245;819098;12147;60102;59886;11508
73852;64961;8891;0;0;0
ASes:
4637
197;197;0;1;1;0
1;1;0;0;0;0
ASes:
4678
4;4;0;3;3;0
3;3;0;0;0;0
ASes:
4680
2459;2451;8;530;530;524
541;533;8;0;0;0
ASes:
4775
8440;6982;1458;1119;1058;988
2322;1482;840;0;0;0
ASes:
4788
882741;717757;164984;43628;42883;32953
146061;86936;59125;0;0;0
ASes:
6939
26;24;2;18;18;2
22;20;2;0;0;0
ASes:
7511
15;8;7;1;1;1
12;6;6;0;0;0
ASes:
7522
12;8;4;11;6;7
12;8;4;0;0;0
ASes:
7529
4;3;1;2;2;1
3;2;1;0;0;0
ASes:
7670
1;0;1;2;0;2
1;0;1;0;0;0
ASes:
7682
25;19;6;3;2;2
4;2;2;0;0;0
ASes:
8075
39629;20595;19034;503;497;446
4939;2624;2315;0;0;0
ASes:
8220
6;5;1;1;1;1
3;2;1;0;0;0
ASes:
9264
22;20;2;10;10;10
12;10;2;0;0;0
ASes:
9354
18;9;9;9;8;9
17;8;9;0;0;0
ASes:
9370
9417;7740;1677;2062;2039;1805
3776;2559;1217;0;0;0
ASes:
9505
182;122;60;77;77;77
143;90;53;0;0;0
ASes:
9607
34;0;34;1384;0;1384
32;0;32;0;0;0
ASes:
9615
3;1;2;6;1;6
3;1;2;0;0;0
ASes:
10021
210;153;57;25;25;16
71;40;31;0;0;0
ASes:
10310
394;230;164;13;13;10
130;64;66;0;0;0
ASes:
13335
68;42;26;11;11;11
34;17;17;0;0;0
ASes:
14537
714;472;242;42;42;29
155;85;70;0;0;0
ASes:
15169
714;472;242;42;42;29
155;85;70;0;0;0
ASes:
15169
90470;85030;5440;10801;10712;5888
16011;12421;3590;0;0;0
ASes:
15412
1233;984;249;486;486;486
623;487;136;0;0;0
ASes:
16509
5898;5710;188;658;657;656
854;710;144;0;0;0
ASes:
17451
5;4;1;3;3;2
4;3;1;0;0;0
ASes:
17941
195;195;0;1;1;0
1;1;0;0;0;0
ASes:
18070
18;15;3;9;9;8
12;9;3;0;0;0
ASes:
18121
11151;5881;5270;298;248;261
1969;1061;908;0;0;0
ASes:
18403
5;4;1;4;4;1
5;4;1;0;0;0
ASes:
19551
16;8;8;2;2;2
12;6;6;0;0;0
ASes:
20940
662;445;217;263;262;50
511;365;146;0;0;0
ASes:
22822
10;9;1;5;5;1
6;5;1;0;0;0
ASes:
23805
196346;179997;16349;20863;20432;14262
28259;22594;5665;0;0;0
ASes:
23815
18;18;0;3;3;0
3;3;0;0;0;0
ASes:
24284
3;3;0;3;3;0
3;3;0;0;0;0
ASes:
30212
15663;15569;94;1044;1042;158
1161;1069;92;0;0;0
ASes:
32787
184;98;86;6;6;6
58;31;27;0;0;0
ASes:
32934
10;6;4;3;3;2
7;4;3;0;0;0
ASes:
33353
429;290;139;90;90;72
237;148;89;0;0;0
ASes:
38001
246129;245448;681;10623;10608;813
11536;10953;583;0;0;0
ASes:
58453
2;1;1;1;1;1
2;1;1;0;0;0
ASes:
63199
6;4;2;3;3;1
6;4;2;0;0;0
ASes:
134835
