10310;2a00:1288:ef68::;48;0:02:18;1546965463;1546965601;0
10310;2a00:1288:ef68::;48;0:00:34;1547113123;1547113157;0
10310;2a00:1288:ef68::;48;0:00:37;1547113300;1547113337;0
10310;2804:1bc:f045::;48;1 day, 0:14:48;1547127942;1547215230;0
10310;2804:1bc:f845::;48;0:00:00;1547127942;1547127942;0
10310;2a00:1288:ef69::;48;0:00:34;1547136826;1547136860;0
10310;2001:4998:ef9b::;48;0:06:19;1547139386;1547139765;0
10310;2804:1bc:f046::;48;0:00:06;1547215224;1547215230;0
10310;2406:6e00:f048::;48;0:07:35;1547202342;1547202797;0
10310;2804:1bc:f046::;48;0:00:29;1547257435;1547257464;0
10310;2804:1bc:f045::;48;0:00:29;1547257435;1547257464;0
10310;184.165.9.0;24;0:00:34;1547308779;1547308813;0
10310;2804:1bc:f045::;48;0:00:04;1547485171;1547485175;0
10310;2804:1bc:f046::;48;0:00:04;1547485171;1547485175;0
