869;812;57;92;92;85
146;99;47;0;0;0
ASes:
3292
241097;232042;9055;41358;41089;12279
50642;43890;6752;0;0;0
ASes:
6461
4044;4044;0;662;662;0
662;662;0;0;0;0
ASes:
7155
236099;206694;29405;19288;18706;8852
37799;26435;11364;0;0;0
ASes:
8714
102;63;39;9;9;8
29;15;14;0;0;0
ASes:
10310
10330;5255;5075;94;93;48
2126;1095;1031;0;0;0
ASes:
12083
98763;91752;7011;37;37;32
2696;1353;1343;0;0;0
ASes:
15169
25;25;0;5;5;0
5;5;0;0;0;0
ASes:
15547
197;196;1;177;176;1
177;176;1;0;0;0
ASes:
16265
433;240;193;172;142;161
374;199;175;0;0;0
ASes:
22822
44;29;15;10;10;10
21;10;11;0;0;0
ASes:
22925
8;6;2;6;6;6
8;6;2;0;0;0
ASes:
26282
19;19;0;2;2;0
2;2;0;0;0;0
ASes:
27630
1305;657;648;13;13;12
345;175;170;0;0;0
ASes:
46450
120;107;13;69;63;52
83;70;13;0;0;0
ASes:
49544
241097;232042;9055;41358;41089;12279
50642;43890;6752;0;0;0
ASes:
6461
