1736830;1370633;366197;59968;58087;46585
ASes:
25091
14340
21385
13194
51468
5391
5521
205591
6939
15772
286
20773
200615
6697
42
47147
13101
9009
8881
45489
13237
56630
39351
9145
35258
199483
15169
6724
50629
15943
13132
43727
35280
49745
20562
12883
204625
43350
29014
20694
206813
15967
35297
33891
8804
61157
8551
43623
196714
20847
59507
43252
28917
9211
1736830;1370633;366197;59968;58087;46585
ASes:
25091
14340
21385
13194
51468
5391
5521
205591
6939
15772
286
20773
200615
6697
42
47147
13101
9009
8881
45489
13237
56630
39351
9145
35258
199483
15169
6724
50629
15943
13132
43727
35280
49745
20562
12883
204625
43350
29014
20694
206813
15967
35297
33891
8804
61157
8551
43623
196714
20847
59507
43252
28917
9211
1736830;1370633;366197;59968;58087;46585
ASes:
25091
14340
21385
13194
51468
5391
5521
205591
6939
15772
286
20773
200615
6697
42
47147
13101
9009
8881
45489
13237
56630
39351
9145
35258
199483
15169
6724
50629
15943
13132
43727
35280
49745
20562
12883
204625
43350
29014
20694
206813
15967
35297
33891
8804
61157
8551
43623
196714
20847
59507
43252
28917
9211
