82;67;15;48;44;26
59;44;15;0;0;0
ASes:
42
281;218;63;160;141;154
236;176;60;0;0;0
ASes:
703
907;885;22;233;233;10
248;237;11;0;0;0
ASes:
714
170;90;80;23;23;19
63;37;26;0;0;0
ASes:
2518
2242;2129;113;27;26;26
139;27;112;0;0;0
ASes:
2907
16;10;6;4;4;4
14;8;6;0;0;0
ASes:
3300
781530;772045;9485;23353;21892;15425
30374;23791;6583;0;0;0
ASes:
4637
204;204;0;1;1;0
1;1;0;0;0;0
ASes:
4678
36;36;0;36;36;0
36;36;0;0;0;0
ASes:
4685
147;124;23;58;57;24
85;64;21;0;0;0
ASes:
4775
4353;3635;718;997;971;872
1809;1213;596;0;0;0
ASes:
4788
1006317;908302;98015;44653;43297;33222
126367;77951;48416;0;0;0
ASes:
6939
5;5;0;3;3;0
3;3;0;0;0;0
ASes:
7506
2;1;1;1;1;1
2;1;1;0;0;0
ASes:
7529
2;1;1;1;1;1
2;1;1;0;0;0
ASes:
7670
4;4;0;2;2;0
2;2;0;0;0;0
ASes:
8075
44100;22955;21145;537;524;465
5050;2661;2389;0;0;0
ASes:
8220
3;3;0;3;3;0
3;3;0;0;0;0
ASes:
8674
34;18;16;9;9;8
33;17;16;0;0;0
ASes:
9264
211;194;17;7;7;4
20;7;13;0;0;0
ASes:
9354
324;234;90;76;72;72
122;88;34;0;0;0
ASes:
9370
11768;10152;1616;2008;1840;1794
3554;2383;1171;0;0;0
ASes:
9505
1252;931;321;915;915;904
1236;919;317;0;0;0
ASes:
9607
62;3;59;1519;3;1516
59;3;56;0;0;0
ASes:
9615
2;1;1;1;1;1
2;1;1;0;0;0
ASes:
9824
184;133;51;37;30;30
54;39;15;0;0;0
ASes:
10010
65;58;7;53;53;7
58;53;5;0;0;0
ASes:
10021
92;58;34;8;8;6
21;13;8;0;0;0
ASes:
10310
779;456;323;8;8;8
211;100;111;0;0;0
ASes:
13335
56;42;14;23;23;19
43;29;14;0;0;0
ASes:
14537
284;194;90;39;39;36
92;53;39;0;0;0
ASes:
15169
82034;75969;6065;9225;9064;8089
15640;11077;4563;0;0;0
ASes:
15412
1330;1092;238;481;481;481
636;508;128;0;0;0
ASes:
16509
6978;6531;447;834;815;610
1320;997;323;0;0;0
ASes:
17451
9;9;0;9;9;0
9;9;0;0;0;0
ASes:
17682
167;86;81;19;19;19
66;36;30;0;0;0
ASes:
17686
200;135;65;8;8;4
11;8;3;0;0;0
ASes:
17941
199;199;0;1;1;0
1;1;0;0;0;0
ASes:
18070
25;25;0;5;5;0
5;5;0;0;0;0
ASes:
18135
6;6;0;6;6;0
6;6;0;0;0;0
ASes:
18274
11558;6183;5375;347;342;262
2793;1529;1264;0;0;0
ASes:
18403
14;14;0;14;14;0
14;14;0;0;0;0
ASes:
19551
28;24;4;12;12;2
18;14;4;0;0;0
ASes:
20940
221;115;106;12;12;11
213;109;104;0;0;0
ASes:
22822
10;9;1;5;5;1
6;5;1;0;0;0
ASes:
23805
156774;140706;16068;18240;17295;13267
25419;19539;5880;0;0;0
ASes:
23815
3;3;0;2;2;0
2;2;0;0;0;0
ASes:
24259
3147;3050;97;525;525;180
671;579;92;0;0;0
ASes:
32787
40;22;18;3;3;3
14;8;6;0;0;0
ASes:
32934
4;2;2;1;1;1
4;2;2;0;0;0
ASes:
33353
244;196;48;102;93;89
143;106;37;0;0;0
ASes:
38001
129265;128202;1063;13640;13417;2158
14604;13851;753;0;0;0
ASes:
58453
2;1;1;1;1;1
2;1;1;0;0;0
ASes:
63199
6;3;3;1;1;1
6;3;3;0;0;0
ASes:
134835
