81;47;34;19;17;9
56;32;24;0;0;0
ASes:
10310
330;280;50;280;280;280
330;280;50;0;0;0
ASes:
13335
20684;20420;264;57;56;41
293;160;133;0;0;0
ASes:
15169
4;2;2;2;2;2
4;2;2;0;0;0
ASes:
20940
184;143;41;63;63;52
107;72;35;0;0;0
ASes:
22822
2;1;1;2;1;1
2;1;1;0;0;0
ASes:
23473
240;217;23;67;65;35
88;66;22;0;0;0
ASes:
2381
106420;106420;0;1;1;0
1;1;0;0;0;0
ASes:
32748
2;2;0;2;2;0
2;2;0;0;0;0
ASes:
35788
803308;652621;150687;48122;46256;34952
138846;84687;54159;0;0;0
ASes:
6939
1178391;1026699;151692;48525;46656;35332
139610;85212;54398;0;0;0
ASes:
15169
32899
10310
22822
11164
32748
2381
20940
35788
16524
23473
1299
3356
36086
13335
6939
62972
