90;45;45;8;8;8
55;29;26;0;0;0
ASes:
10310
72875;62748;10127;26;26;14
3798;1907;1891;0;0;0
ASes:
15169
24;24;0;12;12;0
12;12;0;0;0;0
ASes:
19255
30;30;0;10;10;0
10;10;0;0;0;0
ASes:
20940
65;51;14;45;39;30
56;42;14;0;0;0
ASes:
22822
5;3;2;3;3;2
5;3;2;0;0;0
ASes:
23467
8;5;3;7;4;3
7;4;3;0;0;0
ASes:
23473
825;760;65;67;66;51
103;74;29;0;0;0
ASes:
2381
106972;106972;0;1;1;0
1;1;0;0;0;0
ASes:
32748
15;15;0;7;7;0
7;7;0;0;0;0
ASes:
394738
45;45;0;5;5;0
5;5;0;0;0;0
ASes:
42
799801;685880;113921;36043;35439;27690
117054;69077;47977;0;0;0
ASes:
6939
353746;333408;20338;132;128;73
3938;2016;1922;0;0;0
ASes:
15169
32899
10310
23467
32748
16524
2381
6507
23473
19255
62972
