10310;2a00:1288:ef69::;48;0:00:34;1546418718;1546418752;48
10310;152.199.145.0;24;11:15:23;1546491948;1546532471;0
10310;2804:1bc:f038::;48;0:04:11;1546542229;1546542480;48
10310;2a00:1288:ef68::;48;0:01:17;1546508440;1546508517;48
10310;2a00:1288:ef68::;48;0:00:34;1546512367;1546512401;48
10310;2a00:1288:ef68::;48;0:00:34;1546513128;1546513162;48
10310;2a00:1288:ef69::;48;0:00:34;1546631208;1546631242;0
10310;2a00:1288:ef69::;48;0:00:33;1546759400;1546759433;0
10310;2a00:1288:ef69::;48;0:00:33;1546768046;1546768079;0
10310;2a00:1288:ef69::;48;0:00:34;1546771947;1546771981;0
10310;2804:1bc:f039::;48;0:00:31;1546786152;1546786183;0
10310;2804:1bc:f039::;48;0:00:31;1546786281;1546786312;0
10310;2804:1bc:f039::;48;0:00:27;1546793663;1546793690;0
10310;2804:1bc:f039::;48;0:00:22;1546793721;1546793743;0
10310;2804:1bc:f039::;48;0:02:18;1546793778;1546793916;0
10310;2804:1bc:f039::;48;0:00:29;1546793946;1546793975;0
10310;2a00:1288:ef69::;48;0:00:38;1546805938;1546805976;0
10310;2a00:1288:ef69::;48;0:00:34;1546818893;1546818927;0
10310;2a00:1288:ef69::;48;0:00:34;1546830339;1546830373;0
10310;2a00:1288:ef69::;48;0:00:33;1546833886;1546833919;0
10310;2804:1bc:f046::;48;0:01:06;1546891327;1546891393;0
10310;2804:1bc:f045::;48;0:01:04;1546891327;1546891391;0
10310;2804:1bc:f845::;48;0:01:04;1546891327;1546891391;0
10310;2a00:1288:ef69::;48;0:00:37;1546835953;1546835990;0
10310;2a00:1288:ef69::;48;0:00:39;1546835996;1546836035;0
10310;2a00:1288:ef69::;48;0:00:34;1546836043;1546836077;0
