10310;2a00:1288:ef69::;48;2 days, 11:00:56;1546418752;1546631208;0
10310;2a00:1288:ef68::;48;1:04:10;1546508517;1546512367;0
10310;2a00:1288:ef68::;48;0:12:07;1546512401;1546513128;0
10310;2a00:1288:ef69::;48;1 day, 11:35:58;1546631242;1546759400;0
10310;2a00:1288:ef69::;48;2:23:33;1546759433;1546768046;0
10310;2a00:1288:ef69::;48;1:04:28;1546768079;1546771947;0
10310;2a00:1288:ef69::;48;9:25:57;1546771981;1546805938;0
10310;2804:1bc:f039::;48;0:01:38;1546786183;1546786281;0
10310;2804:1bc:f039::;48;2:02:31;1546786312;1546793663;0
10310;2804:1bc:f039::;48;0:00:31;1546793690;1546793721;0
10310;2804:1bc:f039::;48;0:00:35;1546793743;1546793778;0
10310;2804:1bc:f039::;48;0:00:30;1546793916;1546793946;0
10310;2a00:1288:ef69::;48;3:35:17;1546805976;1546818893;0
10310;2a00:1288:ef69::;48;3:10:12;1546818927;1546830339;0
10310;2a00:1288:ef69::;48;0:58:33;1546830373;1546833886;0
10310;2a00:1288:ef69::;48;0:33:54;1546833919;1546835953;0
10310;2804:1bc:f046::;48;0:01:00;1546891267;1546891327;0
10310;2804:1bc:f045::;48;0:00:59;1546891268;1546891327;0
10310;2804:1bc:f845::;48;0:00:59;1546891268;1546891327;0
10310;2a00:1288:ef69::;48;0:00:06;1546835990;1546835996;0
10310;2a00:1288:ef69::;48;0:00:08;1546836035;1546836043;0
