74;73;1;8;8;3
9;8;1;0;0;0
ASes:
42
556;502;54;49;46;45
109;61;48;0;0;0
ASes:
3292
427064;419480;7584;43606;43359;10052
51670;45971;5699;0;0;0
ASes:
6461
1860;1860;0;449;449;0
449;449;0;0;0;0
ASes:
7155
204951;174323;30628;11256;10995;8835
28952;18168;10784;0;0;0
ASes:
8714
192;104;88;10;10;8
57;31;26;0;0;0
ASes:
10310
612;400;212;95;95;60
240;152;88;0;0;0
ASes:
12083
2;1;1;1;1;1
2;1;1;0;0;0
ASes:
12200
977;977;0;144;144;0
144;144;0;0;0;0
ASes:
13285
72579;62498;10081;26;26;14
3759;1887;1872;0;0;0
ASes:
15169
20;20;0;4;4;0
4;4;0;0;0;0
ASes:
15547
1932;1928;4;186;178;10
182;178;4;0;0;0
ASes:
16265
346;194;152;131;121;115
320;175;145;0;0;0
ASes:
22822
74;50;24;16;16;16
29;16;13;0;0;0
ASes:
22925
12;12;0;2;2;0
2;2;0;0;0;0
ASes:
27630
458;242;216;10;10;9
270;138;132;0;0;0
ASes:
46450
58;49;9;8;8;3
20;12;8;0;0;0
ASes:
49544
4;4;0;4;4;0
4;4;0;0;0;0
ASes:
61323
427064;419480;7584;43606;43359;10052
51670;45971;5699;0;0;0
ASes:
6461
