28;21;7;3;3;3
7;3;4;0;0;0
ASes:
42
279;215;64;78;75;68
153;94;59;0;0;0
ASes:
3292
287748;276576;11172;32900;32476;15507
44278;35721;8557;0;0;0
ASes:
6461
8850;8850;0;662;662;0
662;662;0;0;0;0
ASes:
7155
134141;108795;25346;14619;14103;10715
32323;21013;11310;0;0;0
ASes:
8714
205;129;76;22;22;9
61;37;24;0;0;0
ASes:
10310
3967;2256;1711;96;83;61
851;450;401;0;0;0
ASes:
12083
20631;20365;266;57;56;42
288;157;131;0;0;0
ASes:
15169
71;71;0;54;54;0
54;54;0;0;0;0
ASes:
15547
530;529;1;177;177;1
178;177;1;0;0;0
ASes:
16265
600;395;205;188;181;166
428;245;183;0;0;0
ASes:
22822
87;49;38;10;8;10
42;21;21;0;0;0
ASes:
22925
7;7;0;2;2;0
2;2;0;0;0;0
ASes:
27630
52;45;7;22;22;10
31;24;7;0;0;0
ASes:
46450
174;154;20;61;50;58
69;54;15;0;0;0
ASes:
49544
287748;276576;11172;32900;32476;15507
44278;35721;8557;0;0;0
ASes:
6461
457376;418463;38913;46578;45778;25441
76675;56361;20314;0;0;0
ASes:
15169
22822
10310
49544
16265
8714
62955
42
22925
27630
46450
12083
7155
15547
3292
6461
