7;7;0;5;5;0
5;5;0;0;0;0
ASes:
42
370;277;93;195;194;87
289;208;81;0;0;0
ASes:
703
744;700;44;165;165;27
198;168;30;0;0;0
ASes:
714
79;44;35;15;14;13
33;21;12;0;0;0
ASes:
2518
514;453;61;40;40;38
110;53;57;0;0;0
ASes:
2907
20;15;5;10;10;5
15;11;4;0;0;0
ASes:
3300
497315;487784;9531;29606;28589;18991
37314;30721;6593;0;0;0
ASes:
4637
197;197;0;1;1;0
1;1;0;0;0;0
ASes:
4678
2;2;0;2;2;0
2;2;0;0;0;0
ASes:
4685
120;114;6;54;54;4
63;57;6;0;0;0
ASes:
4775
3712;3092;620;877;787;755
1430;977;453;0;0;0
ASes:
4788
722469;632989;89480;42847;41972;31257
117436;72931;44505;0;0;0
ASes:
6939
117;116;1;59;58;1
59;58;1;0;0;0
ASes:
7506
4;2;2;3;2;2
4;2;2;0;0;0
ASes:
7529
2;1;1;2;1;1
2;1;1;0;0;0
ASes:
7679
262;220;42;216;216;216
256;216;40;0;0;0
ASes:
8075
45616;23807;21809;532;529;467
1043;665;378;0;0;0
ASes:
8220
122;90;32;29;28;3
31;28;3;0;0;0
ASes:
9370
7313;6122;1191;2262;2185;1337
3513;2622;891;0;0;0
ASes:
9505
54;50;4;26;25;22
28;25;3;0;0;0
ASes:
9607
50;0;50;2495;0;2495
46;0;46;0;0;0
ASes:
9615
66;49;17;8;8;6
31;19;12;0;0;0
ASes:
10010
2;1;1;1;1;1
2;1;1;0;0;0
ASes:
10021
78;42;36;5;5;3
26;14;12;0;0;0
ASes:
10310
982;669;313;281;281;273
563;391;172;0;0;0
ASes:
13335
16;9;7;4;4;3
15;8;7;0;0;0
ASes:
14537
254;174;80;45;44;38
91;51;40;0;0;0
ASes:
15169
78415;73436;4979;6471;6407;4530
12028;8394;3634;0;0;0
ASes:
15412
14;8;6;4;4;4
7;4;3;0;0;0
ASes:
16509
5253;5085;168;851;850;172
1019;918;101;0;0;0
ASes:
17451
111;110;1;109;109;1
111;110;1;0;0;0
ASes:
17511
58;29;29;1;1;1
20;10;10;0;0;0
ASes:
17686
13;9;4;7;7;3
10;7;3;0;0;0
ASes:
17941
193;193;0;3;3;0
3;3;0;0;0;0
ASes:
18070
2;2;0;2;2;0
2;2;0;0;0;0
ASes:
18077
11623;6254;5369;495;489;374
2787;1576;1211;0;0;0
ASes:
18403
110;110;0;108;108;0
108;108;0;0;0;0
ASes:
19551
12;6;6;2;2;2
8;4;4;0;0;0
ASes:
20940
277;156;121;25;25;25
235;125;110;0;0;0
ASes:
22822
141219;125335;15884;20235;19695;13814
27893;22192;5701;0;0;0
ASes:
23815
3;3;0;3;3;0
3;3;0;0;0;0
ASes:
30212
5786;5748;38;980;979;59
1031;994;37;0;0;0
ASes:
32787
3;3;0;1;1;0
1;1;0;0;0;0
ASes:
32934
3;1;2;1;1;1
3;1;2;0;0;0
ASes:
33353
86;53;33;39;33;32
71;42;29;0;0;0
ASes:
38001
171295;169982;1313;12111;12109;2309
14020;12923;1097;0;0;0
ASes:
58453
5;3;2;1;1;1
5;3;2;0;0;0
ASes:
63199
