141;120;21;15;15;8
44;25;19;0;0;0
ASes:
10310
98932;91895;7037;37;37;33
2717;1364;1353;0;0;0
ASes:
15169
4;2;2;1;1;1
4;2;2;0;0;0
ASes:
19255
38;38;0;10;10;0
10;10;0;0;0;0
ASes:
20940
113;66;47;54;26;50
70;38;32;0;0;0
ASes:
22822
28;16;12;8;6;6
24;12;12;0;0;0
ASes:
23473
2383;2311;72;171;170;82
249;191;58;0;0;0
ASes:
2381
106219;106216;3;3;3;2
7;4;3;0;0;0
ASes:
32748
7;6;1;6;6;2
7;6;1;0;0;0
ASes:
394738
818702;666452;152250;48796;43672;36870
135398;81981;53417;0;0;0
ASes:
6939
407727;393537;14190;228;222;110
2996;1578;1418;0;0;0
ASes:
15169
32899
10310
6507
32748
2381
16524
23473
394738
36086
19255
62972
1434294;1260659;173635;48961;43811;36975
138233;83432;54801;0;0;0
ASes:
15169
32899
10310
22822
6507
32748
2381
16524
20940
23473
394738
36086
19255
6939
62972
