3834;3811;23;304;304;10
326;313;13;0;0;0
ASes:
714
99;99;0;33;33;0
33;33;0;0;0;0
ASes:
2635
5874;5638;236;1066;1058;139
1353;1174;179;0;0;0
ASes:
3303
207;204;3;49;49;1
54;51;3;0;0;0
ASes:
6122
1047676;938544;109132;47329;45959;35223
132481;81969;50512;0;0;0
ASes:
6939
1375;1300;75;140;140;107
222;162;60;0;0;0
ASes:
6922
3334;2809;525;822;807;663
1331;965;366;0;0;0
ASes:
7029
90;57;33;35;35;35
80;47;33;0;0;0
ASes:
7342
101;54;47;8;8;5
22;13;9;0;0;0
ASes:
10310
126;84;42;23;22;11
85;48;37;0;0;0
ASes:
11796
24634;24143;491;715;707;683
1307;865;442;0;0;0
ASes:
12989
157;95;62;21;21;9
100;58;42;0;0;0
ASes:
13335
28;18;10;11;11;11
22;13;9;0;0;0
ASes:
13359
161;105;56;53;52;47
143;90;53;0;0;0
ASes:
13768
13;11;2;1;1;1
3;2;1;0;0;0
ASes:
14860
4;4;0;2;2;0
2;2;0;0;0;0
ASes:
15133
142;97;45;39;39;36
84;49;35;0;0;0
ASes:
15169
182;182;0;127;127;0
127;127;0;0;0;0
ASes:
16276
24881;12994;11887;962;961;962
3462;2129;1333;0;0;0
ASes:
16509
1538;1305;233;327;327;39
771;538;233;0;0;0
ASes:
19151
163;130;33;40;40;38
66;45;21;0;0;0
ASes:
19754
893;796;97;167;158;105
293;202;91;0;0;0
ASes:
20115
51;50;1;35;30;5
31;30;1;0;0;0
ASes:
20940
288;153;135;72;61;62
238;124;114;0;0;0
ASes:
22822
446;443;3;76;76;1
79;77;2;0;0;0
ASes:
23473
10211;14;10197;58435;1;58434
5732;1;5731;0;0;0
ASes:
23486
1017870;789088;228782;15003;14668;11514
80164;43478;36686;0;0;0
ASes:
24115
13980;10830;3150;1375;1374;152
2729;2028;701;0;0;0
ASes:
29791
196;196;0;1;1;0
1;1;0;0;0;0
ASes:
31939
9474;8166;1308;1368;1357;1336
2241;1611;630;0;0;0
ASes:
32098
3256;3140;116;482;482;162
656;547;109;0;0;0
ASes:
32787
78;60;18;7;7;3
18;12;6;0;0;0
ASes:
32934
381;303;78;78;78;60
178;107;71;0;0;0
ASes:
33132
4;2;2;1;1;1
4;2;2;0;0;0
ASes:
33353
124;93;31;61;61;20
96;66;30;0;0;0
ASes:
36236
242;170;72;32;28;21
64;33;31;0;0;0
ASes:
36351
17;11;6;7;7;7
14;8;6;0;0;0
ASes:
36692
120;120;0;15;15;0
15;15;0;0;0;0
ASes:
36730
10;7;3;7;7;7
10;7;3;0;0;0
ASes:
40581
122;114;8;92;92;83
101;93;8;0;0;0
ASes:
46450
352;348;4;174;174;3
178;175;3;0;0;0
ASes:
46455
57;43;14;18;18;12
39;25;14;0;0;0
ASes:
49544
8;8;0;1;1;0
1;1;0;0;0;0
ASes:
57976
4714;4714;0;104;104;0
104;104;0;0;0;0
ASes:
62642
303;303;0;21;21;0
21;21;0;0;0;0
ASes:
62887
2;2;0;1;1;0
1;1;0;0;0;0
ASes:
62955
37;37;0;37;37;0
37;37;0;0;0;0
ASes:
63949
