376;376;0;22;22;0
22;22;0;0;0;0
ASes:
42
459;389;70;146;146;142
218;154;64;0;0;0
ASes:
703
1724;1700;24;151;151;5
163;155;8;0;0;0
ASes:
714
245;125;120;16;16;16
111;58;53;0;0;0
ASes:
2518
2610;2441;169;155;146;154
326;164;162;0;0;0
ASes:
2907
9;6;3;2;2;2
3;2;1;0;0;0
ASes:
3300
804079;795079;9000;22351;22049;11378
30122;24028;6094;0;0;0
ASes:
4637
197;197;0;1;1;0
1;1;0;0;0;0
ASes:
4678
434;423;11;107;107;7
123;112;11;0;0;0
ASes:
4775
3632;3211;421;698;676;554
1139;790;349;0;0;0
ASes:
4788
839919;711839;128080;46136;44281;34302
148681;89484;59197;0;0;0
ASes:
6939
10;10;0;5;5;0
5;5;0;0;0;0
ASes:
7506
119;109;10;19;19;19
31;22;9;0;0;0
ASes:
7529
22;18;4;9;9;9
13;9;4;0;0;0
ASes:
7670
42;22;20;3;3;3
18;9;9;0;0;0
ASes:
8075
85072;52225;32847;380;379;320
5742;2970;2772;0;0;0
ASes:
8220
25;21;4;5;5;2
9;5;4;0;0;0
ASes:
9264
248;129;119;8;7;6
85;43;42;0;0;0
ASes:
9370
7683;6363;1320;2137;2054;1723
3440;2512;928;0;0;0
ASes:
9505
61;40;21;12;8;12
37;18;19;0;0;0
ASes:
9607
91;0;91;2636;0;2636
87;0;87;0;0;0
ASes:
9615
4;3;1;3;3;3
4;3;1;0;0;0
ASes:
9824
67;48;19;26;24;17
46;27;19;0;0;0
ASes:
10010
19;11;8;6;6;6
16;9;7;0;0;0
ASes:
10021
96;60;36;6;6;3
25;14;11;0;0;0
ASes:
10310
1529;1070;459;276;275;276
586;399;187;0;0;0
ASes:
13335
23;12;11;8;8;7
23;12;11;0;0;0
ASes:
14537
1134;1003;131;702;702;43
803;744;59;0;0;0
ASes:
15169
87763;79738;8025;8629;8531;5314
15466;11123;4343;0;0;0
ASes:
15412
194;138;56;26;26;26
73;34;39;0;0;0
ASes:
16509
2989;2754;235;549;490;475
740;548;192;0;0;0
ASes:
17451
2989;2754;235;549;490;475
740;548;192;0;0;0
ASes:
17451
241;122;119;7;7;7
97;49;48;0;0;0
ASes:
17686
3;3;0;3;3;0
3;3;0;0;0;0
ASes:
17941
196;194;2;4;4;3
6;4;2;0;0;0
ASes:
18070
17;17;0;3;3;0
3;3;0;0;0;0
ASes:
18077
2;1;1;1;1;1
2;1;1;0;0;0
ASes:
18121
12073;6723;5350;596;584;554
2904;1685;1219;0;0;0
ASes:
18403
226;154;72;138;130;137
202;130;72;0;0;0
ASes:
19551
60;56;4;12;12;2
18;14;4;0;0;0
ASes:
20940
519;337;182;133;133;33
288;201;87;0;0;0
ASes:
22822
131655;117129;14526;17318;16925;12473
24425;19065;5360;0;0;0
ASes:
23815
4943;4892;51;566;563;187
629;579;50;0;0;0
ASes:
32787
144;70;74;5;5;5
44;21;23;0;0;0
ASes:
32934
9;6;3;4;4;1
9;6;3;0;0;0
ASes:
33353
3475;3300;175;156;156;102
335;224;111;0;0;0
ASes:
38001
219618;219019;599;12516;12508;891
13300;12816;484;0;0;0
ASes:
58453
16;12;4;6;6;2
13;9;4;0;0;0
ASes:
134835
