1849982;1413012;436970;76045;75152;59281
ASes:
25091
14340
21385
13194
12684
5391
5521
205591
6939
15772
286
20773
200615
6697
42
47147
13101
9009
8881
45489
13237
56630
39351
205112
9145
199483
15169
6724
25415
13132
43727
35280
204625
20562
12883
54994
15695
43350
29014
49745
20694
206813
15967
35297
21345
33891
8804
61157
8551
43252
28917
9211
1849982;1413012;436970;76045;75152;59281
ASes:
25091
14340
21385
13194
12684
5391
5521
205591
6939
15772
286
20773
200615
6697
42
47147
13101
9009
8881
45489
13237
56630
39351
205112
9145
199483
15169
6724
25415
13132
43727
35280
204625
20562
12883
54994
15695
43350
29014
49745
20694
206813
15967
35297
21345
33891
8804
61157
8551
43252
28917
9211
1849982;1413012;436970;76045;75152;59281
ASes:
25091
14340
21385
13194
12684
5391
5521
205591
6939
15772
286
20773
200615
6697
42
47147
13101
9009
8881
45489
13237
56630
39351
205112
9145
199483
15169
6724
25415
13132
43727
35280
204625
20562
12883
54994
15695
43350
29014
49745
20694
206813
15967
35297
21345
33891
8804
61157
8551
43252
28917
9211
