1793225;1427679;365546;56826;51054;46476
ASes:
25091
12931
21385
13194
5391
205591
6939
15772
286
20773
200615
6697
42
47147
13101
9009
45489
8881
13237
56630
39351
205112
9145
199483
15169
6724
50629
15943
13132
43727
35280
204625
20562
12883
49745
15695
43350
20694
29014
35805
206813
15967
33891
8804
8551
43252
28917
9211
1793225;1427679;365546;56826;51054;46476
ASes:
25091
12931
21385
13194
5391
205591
6939
15772
286
20773
200615
6697
42
47147
13101
9009
45489
8881
13237
56630
39351
205112
9145
199483
15169
6724
50629
15943
13132
43727
35280
204625
20562
12883
49745
15695
43350
20694
29014
35805
206813
15967
33891
8804
8551
43252
28917
9211
1793225;1427679;365546;56826;51054;46476
ASes:
25091
12931
21385
13194
5391
205591
6939
15772
286
20773
200615
6697
42
47147
13101
9009
45489
8881
13237
56630
39351
205112
9145
199483
15169
6724
50629
15943
13132
43727
35280
204625
20562
12883
49745
15695
43350
20694
29014
35805
206813
15967
33891
8804
8551
43252
28917
9211
