40;23;17;9;9;8
35;19;16;0;0;0
ASes:
10310
3;2;1;1;1;1
2;1;1;0;0;0
ASes:
12200
1;0;1;1;0;1
1;0;1;0;0;0
ASes:
13335
255;157;98;40;40;35
158;82;76;0;0;0
ASes:
15169
36;30;6;9;9;2
19;13;6;0;0;0
ASes:
20940
73;52;21;43;37;23
63;42;21;0;0;0
ASes:
22822
6;6;0;3;3;0
3;3;0;0;0;0
ASes:
23473
1269;1196;73;299;298;132
378;324;54;0;0;0
ASes:
2381
100736;100724;12;53;51;44
63;51;12;0;0;0
ASes:
32748
748447;603753;144694;51097;50395;38227
137362;85972;51390;0;0;0
ASes:
6939
197894;197538;356;416;412;233
649;497;152;0;0;0
ASes:
15169
32899
10310
32748
2381
16524
23473
36086
62972
197894;197538;356;416;412;233
649;497;152;0;0;0
ASes:
15169
32899
10310
32748
2381
16524
23473
36086
62972
1048760;903481;145279;51432;50720;38395
137960;86389;51571;0;0;0
ASes:
15169
32899
22822
10310
12200
32748
2381
20940
16524
23473
36086
13335
6939
62972
