2150;2123;27;234;232;16
252;237;15;0;0;0
ASes:
714
880;657;223;306;297;172
622;409;213;0;0;0
ASes:
3303
442;442;0;49;49;0
49;49;0;0;0;0
ASes:
6122
12;8;4;3;3;3
8;4;4;0;0;0
ASes:
6922
931883;746680;185203;47026;46263;33696
151757;91771;59986;0;0;0
ASes:
6939
3534;2879;655;926;905;760
1524;1086;438;0;0;0
ASes:
7029
108;70;38;35;35;35
89;51;38;0;0;0
ASes:
7342
17;12;5;3;3;2
5;3;2;0;0;0
ASes:
8075
281;227;54;37;37;17
67;44;23;0;0;0
ASes:
10310
313;298;15;236;236;11
263;248;15;0;0;0
ASes:
11796
8889;8287;602;765;738;738
1465;955;510;0;0;0
ASes:
12989
188;100;88;9;9;9
110;54;56;0;0;0
ASes:
13335
218;202;16;168;168;16
188;174;14;0;0;0
ASes:
13359
256;233;23;81;77;76
101;80;21;0;0;0
ASes:
13768
2;2;0;1;1;0
1;1;0;0;0;0
ASes:
14340
15;11;4;4;4;4
7;4;3;0;0;0
ASes:
14860
8;8;0;4;4;0
4;4;0;0;0;0
ASes:
15133
369;243;126;42;42;28
131;74;57;0;0;0
ASes:
15169
158;155;3;39;39;2
44;41;3;0;0;0
ASes:
16276
5992;3050;2942;12;12;11
1663;832;831;0;0;0
ASes:
16509
1201;934;267;270;268;115
745;484;261;0;0;0
ASes:
19151
3;1;2;2;1;2
3;1;2;0;0;0
ASes:
19551
216;163;53;66;65;64
119;80;39;0;0;0
ASes:
19754
2487;2372;115;700;698;139
846;742;104;0;0;0
ASes:
20115
398;232;166;127;122;112
350;197;153;0;0;0
ASes:
22822
1130;1108;22;120;120;42
142;125;17;0;0;0
ASes:
23473
40;32;8;14;14;5
18;14;4;0;0;0
ASes:
23486
344864;233014;111850;15681;15407;13483
61285;34587;26698;0;0;0
ASes:
24115
7263;7104;159;505;502;171
666;561;105;0;0;0
ASes:
29791
194;194;0;1;1;0
1;1;0;0;0;0
ASes:
31939
17447;13109;4338;1821;1803;1729
3490;2452;1038;0;0;0
ASes:
32098
4;4;0;2;2;0
2;2;0;0;0;0
ASes:
32590
8480;8365;115;1085;1084;180
1217;1108;109;0;0;0
ASes:
32787
236;150;86;8;8;6
60;33;27;0;0;0
ASes:
32934
856;655;201;98;96;72
185;119;66;0;0;0
ASes:
33132
10;6;4;3;3;2
7;4;3;0;0;0
ASes:
33353
68;62;6;55;55;6
63;58;5;0;0;0
ASes:
36236
190;130;60;38;38;22
74;46;28;0;0;0
ASes:
36351
33;24;9;12;12;12
20;12;8;0;0;0
ASes:
40581
12;7;5;7;6;4
12;7;5;0;0;0
ASes:
46450
29;16;13;14;14;13
27;15;12;0;0;0
ASes:
46455
50;41;9;9;9;2
17;12;5;0;0;0
ASes:
49544
12;9;3;4;4;4
7;5;2;0;0;0
ASes:
54994
2;1;1;2;1;1
2;1;1;0;0;0
ASes:
62642
125;123;2;20;20;3
22;20;2;0;0;0
ASes:
62887
12;12;0;3;3;0
3;3;0;0;0;0
ASes:
62955
16;16;0;8;8;0
8;8;0;0;0;0
ASes:
63399
1;0;1;2;0;2
1;0;1;0;0;0
ASes:
395662
