7320;7288;32;192;192;6
208;198;10;0;0;0
ASes:
714
3;3;0;3;3;0
3;3;0;0;0;0
ASes:
2635
2698;2450;248;947;944;147
1300;1075;225;0;0;0
ASes:
3303
285;283;2;49;49;1
53;51;2;0;0;0
ASes:
6122
10;6;4;5;3;5
7;3;4;0;0;0
ASes:
6922
855362;710288;145074;48309;46386;35808
156529;94151;62378;0;0;0
ASes:
6939
4484;3131;1353;850;828;692
1791;1193;598;0;0;0
ASes:
7029
2;1;1;1;1;1
2;1;1;0;0;0
ASes:
7342
21;11;10;3;3;3
18;9;9;0;0;0
ASes:
8075
118;76;42;10;9;5
30;17;13;0;0;0
ASes:
10310
82;53;29;20;20;15
66;40;26;0;0;0
ASes:
11796
98;98;0;49;49;0
49;49;0;0;0;0
ASes:
11888
24079;23632;447;579;549;460
1067;702;365;0;0;0
ASes:
12989
442;358;84;298;298;297
392;322;70;0;0;0
ASes:
13335
35;28;7;26;26;26
35;28;7;0;0;0
ASes:
13359
150;131;19;45;45;38
69;50;19;0;0;0
ASes:
13768
3;3;0;3;3;0
3;3;0;0;0;0
ASes:
14340
8;6;2;1;1;1
2;1;1;0;0;0
ASes:
14860
18;14;4;3;3;2
5;3;2;0;0;0
ASes:
15133
210;149;61;63;62;40
115;73;42;0;0;0
ASes:
15169
59;57;2;13;12;2
14;12;2;0;0;0
ASes:
16276
12726;6452;6274;25;25;5
1814;916;898;0;0;0
ASes:
16509
595;350;245;90;90;50
533;298;235;0;0;0
ASes:
19151
2;2;0;2;2;0
2;2;0;0;0;0
ASes:
19551
3865;3723;142;2985;2985;244
3160;3043;117;0;0;0
ASes:
20115
40;40;0;10;10;0
10;10;0;0;0;0
ASes:
20940
457;297;160;140;135;127
358;209;149;0;0;0
ASes:
22822
220;218;2;81;81;1
84;82;2;0;0;0
ASes:
23473
10226;13;10213;88536;3;88533
5907;3;5904;0;0;0
ASes:
23486
490842;338114;152728;19524;18924;16501
73888;42338;31550;0;0;0
ASes:
24115
9485;6662;2823;1166;1162;198
2341;1725;616;0;0;0
ASes:
29791
194;194;0;1;1;0
1;1;0;0;0;0
ASes:
31939
20477;15514;4963;749;742;729
2336;1417;919;0;0;0
ASes:
32098
3;3;0;1;1;0
1;1;0;0;0;0
ASes:
32212
5346;5292;54;558;556;187
624;573;51;0;0;0
ASes:
32787
160;86;74;7;7;5
41;21;20;0;0;0
ASes:
32934
481;397;84;88;86;65
187;119;68;0;0;0
ASes:
33132
9;6;3;4;4;1
9;6;3;0;0;0
ASes:
33353
11;7;4;7;7;4
11;7;4;0;0;0
ASes:
36236
275;218;57;34;34;17
72;45;27;0;0;0
ASes:
36351
2;1;1;1;1;1
2;1;1;0;0;0
ASes:
36692
46;32;14;5;5;5
17;7;10;0;0;0
ASes:
40581
89;84;5;84;84;82
89;84;5;0;0;0
ASes:
46450
130;117;13;51;51;14
66;55;11;0;0;0
ASes:
46455
136;116;20;46;44;44
61;47;14;0;0;0
ASes:
49544
25;25;0;9;9;0
9;9;0;0;0;0
ASes:
62955
59;37;22;37;37;37
59;37;22;0;0;0
ASes:
63949
10;5;5;1;1;1
10;5;5;0;0;0
ASes:
395662
